Szülők TV:TV
Power:4443, 4417, 552, 1656, 552, 1656, 552, 1656, 552, 552, 552, 552, 552, 552, 552, 552, 552, 552, 552, 1656, 552, 1656, 552, 1656, 552, 552, 552, 552, 552, 552, 552, 552, 552, 552, 552, 552, 552, 1656, 552, 552, 552, 552, 552, 552, 552, 552, 552, 552, 552, 552, 552, 1682, 552, 552, 552, 1656, 552, 1656, 552, 1656, 552, 1656, 552, 1656, 552, 1656, 552, 47174
ChUp:4443, 4417, 552, 1656, 552, 1656, 552, 1656, 552, 552, 552, 552, 552, 552, 552, 552, 552, 552, 552, 1656, 552, 1656, 552, 1656, 552, 552, 552, 552, 552, 552, 552, 552, 552, 552, 552, 552, 552, 1656, 552, 552, 552, 552, 552, 1656, 552, 552, 552, 552, 552, 552, 552, 1656, 552, 552, 552, 1656, 552, 1656, 552, 552, 552, 1682, 552, 1656, 552, 1656, 552, 47174
ChDown:4443, 4417, 552, 1656, 552, 1656, 552, 1656, 552, 552, 552, 552, 552, 552, 552, 552, 552, 552, 552, 1656, 552, 1656, 552, 1656, 552, 552, 552, 552, 552, 552, 552, 552, 552, 552, 552, 552, 552, 552, 552, 552, 552, 552, 552, 1656, 552, 552, 552, 552, 552, 552, 552, 1656, 552, 1656, 552, 1656, 552, 1656, 552, 552, 552, 1656, 552, 1656, 552, 1656, 552, 47174
VolUp:4443, 4417, 552, 1656, 552, 1656, 552, 1656, 552, 552, 552, 552, 552, 552, 552, 552, 552, 552, 552, 1656, 552, 1656, 552, 1656, 552, 552, 552, 552, 552, 552, 552, 552, 552, 552, 552, 1656, 552, 1656, 552, 1656, 552, 552, 552, 552, 552, 552, 552, 552, 552, 552, 552, 552, 552, 552, 552, 552, 552, 1656, 552, 1656, 552, 1656, 552, 1656, 552, 1656, 552, 47174
VolDown:4443, 4417, 552, 1656, 552, 1656, 552, 1656, 552, 552, 552, 552, 552, 552, 552, 552, 552, 552, 552, 1656, 552, 1656, 552, 1656, 552, 552, 552, 552, 552, 552, 552, 552, 552, 552, 552, 1656, 552, 1656, 552, 552, 552, 1656, 552, 552, 552, 552, 552, 552, 552, 552, 552, 552, 552, 552, 552, 1656, 552, 552, 552, 1656, 552, 1656, 552, 1656, 552, 1656, 552, 47174
Menu:4455, 4429, 547, 1641, 547, 1641, 547, 1641, 547, 547, 547, 547, 547, 547, 547, 547, 547, 547, 547, 1641, 547, 1641, 547, 1641, 547, 547, 547, 547, 547, 547, 547, 547, 547, 547, 547, 547, 547, 1641, 547, 547, 547, 1641, 547, 1641, 547, 547, 547, 547, 547, 547, 547, 1641, 547, 547, 547, 1641, 547, 547, 547, 547, 547, 1641, 547, 1641, 547, 1641, 547, 47210
0:4455, 4429, 547, 1641, 547, 1641, 547, 1641, 547, 547, 547, 547, 547, 547, 547, 547, 547, 547, 547, 1641, 547, 1667, 547, 1641, 547, 547, 547, 547, 547, 547, 547, 547, 547, 547, 547, 1641, 547, 547, 547, 547, 547, 547, 547, 1641, 547, 547, 547, 547, 547, 547, 547, 573, 547, 1641, 547, 1641, 547, 1641, 547, 547, 547, 1667, 547, 1641, 547, 1641, 547, 47184
1:4443, 4417, 552, 1656, 552, 1656, 552, 1656, 552, 552, 552, 552, 552, 552, 552, 552, 552, 552, 552, 1656, 552, 1656, 552, 1656, 552, 552, 552, 552, 552, 552, 552, 552, 552, 552, 552, 552, 552, 552, 552, 1656, 552, 552, 552, 552, 552, 552, 552, 552, 552, 552, 552, 1656, 552, 1656, 552, 552, 552, 1656, 552, 1656, 552, 1656, 552, 1656, 552, 1656, 552, 47174
2:4455, 4429, 547, 1641, 547, 1641, 547, 1641, 547, 547, 547, 547, 547, 547, 547, 547, 547, 547, 547, 1641, 547, 1667, 547, 1641, 547, 547, 547, 547, 547, 547, 547, 547, 547, 547, 547, 1641, 547, 547, 547, 1641, 547, 547, 547, 547, 547, 547, 547, 547, 547, 547, 547, 573, 547, 1641, 547, 547, 547, 1641, 547, 1641, 547, 1667, 547, 1641, 547, 1641, 547, 47184
3:4455, 4429, 547, 1641, 547, 1641, 547, 1641, 547, 547, 547, 547, 547, 547, 547, 547, 547, 547, 547, 1641, 547, 1667, 547, 1641, 547, 547, 547, 547, 547, 547, 547, 547, 547, 547, 547, 547, 547, 1641, 547, 1641, 547, 547, 547, 547, 547, 547, 547, 547, 547, 547, 547, 1641, 547, 547, 547, 547, 547, 1641, 547, 1641, 547, 1667, 547, 1641, 547, 1641, 547, 47210
4:4443, 4417, 552, 1656, 552, 1656, 552, 1656, 552, 552, 552, 552, 552, 552, 552, 552, 552, 552, 552, 1656, 552, 1656, 552, 1656, 552, 552, 552, 552, 552, 552, 552, 552, 552, 552, 552, 552, 552, 552, 552, 552, 552, 1656, 552, 552, 552, 552, 552, 552, 552, 552, 552, 1656, 552, 1656, 552, 1656, 552, 552, 552, 1656, 552, 1656, 552, 1656, 552, 1656, 552, 47174
5:4443, 4417, 552, 1656, 552, 1656, 552, 1656, 552, 552, 552, 552, 552, 552, 552, 552, 552, 552, 552, 1656, 552, 1656, 552, 1656, 552, 552, 552, 552, 552, 552, 552, 552, 552, 552, 552, 1656, 552, 552, 552, 552, 552, 1656, 552, 552, 552, 552, 552, 552, 552, 552, 552, 578, 552, 1656, 552, 1656, 552, 552, 552, 1656, 552, 1656, 552, 1656, 552, 1656, 552, 47174
6:4443, 4417, 552, 1656, 552, 1656, 552, 1656, 552, 552, 552, 552, 552, 552, 552, 552, 552, 552, 552, 1656, 552, 1656, 552, 1656, 552, 552, 552, 552, 552, 552, 552, 552, 552, 552, 552, 552, 552, 1656, 552, 552, 552, 1656, 552, 552, 552, 552, 552, 552, 552, 552, 552, 1656, 552, 552, 552, 1656, 552, 552, 552, 1656, 552, 1656, 552, 1656, 552, 1656, 552, 47200
7:4443, 4417, 552, 1656, 552, 1656, 552, 1656, 552, 552, 552, 552, 552, 552, 552, 552, 552, 552, 552, 1656, 552, 1656, 552, 1656, 552, 552, 552, 552, 552, 552, 552, 552, 552, 552, 552, 552, 552, 552, 552, 1656, 552, 1656, 552, 552, 552, 552, 552, 552, 552, 552, 552, 1656, 552, 1656, 552, 552, 552, 552, 552, 1656, 552, 1656, 552, 1656, 552, 1656, 552, 47200
8:4443, 4417, 552, 1656, 552, 1656, 552, 1656, 552, 552, 552, 552, 552, 552, 552, 552, 552, 552, 552, 1656, 552, 1656, 552, 1656, 552, 552, 552, 552, 552, 552, 552, 552, 552, 552, 552, 1656, 552, 552, 552, 1656, 552, 1656, 552, 552, 552, 552, 552, 552, 552, 552, 552, 552, 552, 1656, 552, 552, 552, 552, 552, 1656, 552, 1656, 552, 1656, 552, 1656, 552, 47200
9:4443, 4417, 552, 1656, 552, 1656, 552, 1656, 552, 552, 552, 552, 552, 552, 552, 552, 552, 552, 552, 1656, 552, 1656, 552, 1656, 552, 552, 552, 552, 552, 552, 552, 552, 552, 552, 552, 552, 552, 1656, 552, 1656, 552, 1656, 552, 552, 552, 552, 552, 552, 552, 552, 552, 1656, 552, 552, 552, 552, 552, 552, 552, 1656, 552, 1656, 552, 1656, 552, 1656, 552, 47200
